0.01680420388519637
0.01074713104279218
0.009839731670626082
0.0107357821431119
0.007622128663351118
0.01530881583601114
0.01044489519361871
0.01300536293482247
0.01550172011205345
0.007405894339608919
0.009992576467469504
0.01577330439551814
0.01064964498057451
0.01351813740739256
0.007882379204324485
0.009895907659896543
0.008856916821608055
0.01043730708253126
0.01525771117924161
0.01099502197889157
0.01325505385452245
0.009923537103817987
0.009292384509601773
0.01087489728966151
0.01698399634042372
0.02185962897546124
0.009852358646185324
0.009531521407570506
0.01536871112947992
0.01418553581471527
0.00939249653627015
0.02046296264201234
0.01357037256663407
0.01898165860116332
0.01288046002773946
0.01082359905707273
0.01146706890611472
0.01513396198871202
0.02261564264562353
0.04294537833231531
0.01517543737886792
0.01979068032861321
0.003141388151575226
0.0143324263104578
0.018078943033023
0.01510073713001703
0.007974419086938647
0.008447761419936533
0.009525833776925365
0.007765549330234227
0.04224998865999612
0.03385774227415383
0.01900078392300731
0.01089710664863
0.01208167639225991
0.01427353274871451
0.009503204543427578
0.009318304583408534
0.01803596892757776
0.02717003668567335
0.00741968498046539
0.01594817042742376
0.01065559479529025
0.01683750313118024
0.01067363503329485
0.00993350386486927
0.008241427762347906
0.009534019852486503
0.008695680104073546
0.01000909339479805
0.01594403038188509
0.01843577769796541
0.01382692189860805
0.01048036046014368
0.01668511833727493
0.01049686052707019
0.009859349680304203
0.01866288524273602
0.009866746968989829
0.008488574964067384
0.01057838011527227
0.008309846470809974
0.008442477108701734
0.008397752138739662
0.01805625647078504
0.01402210338904071
0.009151457796713903
0.01721636516987014
0.00920428573410547
0.008613320599282735
0.01151401256720395
0.01223192354681526
0.01208982665722967
0.006624217052346185
0.01855079930399751
0.01346394149695081
0.01809397132430888
0.01067603861938401
0.02828301479641695
0.02124679251678803
0.01687945599966759
0.02425908637663944
0.02785419609059461
0.01349718599323298
0.01967284772336135
0.02132550861838624
0.0227288385104871
0.02815986894969186
0.04277864441362078
0.02745859731082893
0.01034882036781712
0.03010516225578961
0.0224445991725615
0.01317126101039905
0.02925980971291194
0.01526697225309178
0.01875731117045558
0.03763003968893319
0.006548948874547854
0.005710273891010762
0.004273373884977655
0.02812887018277803
0.02080955174228193
0.02220646627284853
0.02616332342687422
0.01989441551200494
0.009542594296060566
0.01014836671244947
0.01254299683306086
0.01353792684467063
0.01471888952555305
0.01847008123161175
0.01695834063152815
0.02722226050680367
0.04114349291685337
0.02403325832568126
0.04816022372047903
0.01577656098328313
0.01286436562567826
0.01187986300605258
0.01032688888160613
0.01464111318896235
0.04532097956948321
0.01223901311977048
0.01278629935149479
0.01264201105048774
0.01065555991604535
0.01425153745475791
0.01271769810462253
0.0138832074002865
0.01833025475005799
0.02085374020938496
0.02431425410366064
0.02399317395035292
0.01006223859197319
0.01633236346004256
0.05277166164008917
0.01272219920200179
0.02704075414478266
0.01710715079217233
0.01820866642328233
0.01483992550719667
0.01725724338088045
0.02151937527469188
0.01200591372259595
0.03313540233379743
0.03740866416737485
0.02104263915311725
0.03076431534234284
0.02401707584137327
0.02879918261804248
0.01231493048972104
0.02563855475591225
0.01637052722462137
0.01440410968325815
0.009598982152930119
0.02134340177342061
0.01865182715390831
0.01734734242339197
0.0157418005479608
0.02162767347777352
0.01558885858332481
0.01785647949385919
0.009810302042875953
0.03049524829083536
0.01551946768417519
0.03019812942174101
0.01313898269442562
0.01323167401684402
0.01732308205092823
0.02875586818838284
0.0289159554446245
0.0173284151433836
0.02862241318044257
0.01726589519658965
0.01593672139718789
0.02432228045526154
0.01933229117756367
0.01451239315712998
0.02461471871127574
0.01897465970109922
0.01927755911144187
0.01286333681229107
0.01123337341969371
0.008945601349349372
0.02691384865330249
0.01841930357008486
0.008619391959895743
0.009961805834310654
0.01999803053694769
0.01324930888746356
0.01174812648654105
0.01277750873333721
0.01174030309884853
0.01835637641379384
0.009784033123903092
0.01099862515086523
0.01312720118578824
0.01001000772051644
0.02633311225332742
0.02692129123336464
0.01085845876039653
0.02583214235652726
0.03876688323010472
0.01845143901968939
0.04233879054374081
0.009749937789284973
0.02234530037118336
0.0137876988490077
0.02515096063280834
0.01208121611357947
0.01092937652077352
0.01628917847348686
0.01685332707018079
0.01660765609850341
0.01093853675478985
0.02154385842507225
0.01510807933621068
0.01516616268316393
0.01106237731860061
0.008561785829138283
0.008739664747270639
0.01638007393489888
0.01719303886769502
0.01912581154329843
0.01647724327025111
0.01043678757024728
0.01923734673847992
0.01099180157112343
0.01376040618979097
0.01347577310289577
0.01482937907565672
0.0152654390097473
0.01285478076688556
0.01515295675606132
0.01838565297779615
0.01484067474452681
0.008659434930746571
0.01309178341946167
0.02266065434701086
0.01555041306041924
0.03153732664674164
0.01706012238086993
0.01050168514803792
0.008988069529395916
0.01329398704579002
0.007877942103691261
0.02032953924961777
0.0199767279269567
0.0142171545964143
0.01906165412870777
0.01344676298073881
0.00933851713183958
0.008989367042564315
0.02540459310795009
0.01311079918339549
0.01120975591064866
0.02041914298825771
0.008775166399041696
0.008534239945087608
0.01300701180467566
0.007209737537634824
0.026355278686913
0.009719788539650493
0.01009466977593995
0.01649244129757435
0.01045071481387
0.01064736736929576
0.009798701651584087
0.0113710076251962
0.007399042292133374
0.01120790188546102
0.008233562555907948
0.01728299751765042
0.0224967845617765
0.01741050023968408
0.009016088607174047
0.01028929955829195
0.00969779554526237
0.007579104887768368
0.007165439594083511
0.0104022912398034
0.01342680073305128
0.009042668369350618
0.01277716091236118
0.02195739747032588
0.02143022160889484
0.0280727381643339
0.0164305062205844
0.009687793353987801
0.01067200359357132
0.01182880367653036
0.01341168080025346
0.01113957132288442
0.01158557902204289
0.03068194484144409
0.01480007501431041
0.01027093049577492
0.008431998313005958
0.01104229936487524
0.01716537741728682
0.0133946093370962
0.009222123173186518
0.009354056868947977
0.00914136770640313
0.008937008765418865
0.00948854641506852
0.008179728959761906
0.01012919530547779
0.009635520720182292
0.009888922611956341
0.009319787358471937
0.02127237661843608
0.0422075627337817
0.01168719326174416
0.02383347747748681
0.01114751223733894
0.0106146661103953
0.03308973616708526
0.01328325853354475
0.009570517034569561
0.008736704243054044
0.03698023439799253
0.01623916574079422
0.01686170845521216
0.01495431385248445
0.01074660281188123
0.01121836580073346
0.0252007010409867
0.008385949697844536
0.008530320470404657
0.009803397348755695
0.009006864067284983
0.01707108410626585
0.02129946550116174
0.01228179190955463
0.01281539737344506
0.01200682482861993
0.01421955591166457
0.01221411207039859
0.009458972884861699
0.01485508792814371
0.01302709283173103
0.01034802791870597
0.03457767636842337
0.009467815961174155
0.01460075572429827
0.009965366926274319
0.009218987042010478
0.01224677173447163
0.01382837008308345
0.02537043220488213
0.02093352163626602
0.01259460020913925
0.01040768510079477
0.01347493894797308
0.02105294273010406
0.01148417397290613
0.01525562156123202
0.01198880109046236
0.01043255811781408
0.01092751891527374
0.01323955189342061
0.02302051595413326
0.01240647002459782
0.01054294158512201
0.009426177588150762
0.01032040199422819
0.01014057946424754
0.009322090797788021
0.01332524895597734
0.02652321060567425
0.01942709133177005
0.01233716724039627
0.01463775126867083
0.0392465306968021
0.02472912009507406
0.02662306856539142
0.01819402782477504
0.0182001888288395
0.01615382955803066
0.01175803220785694
0.01744463577686184
0.01823103940278581
0.01797391604409192
0.01516988834279128
0.01338502922116868
0.01779435126155605
0.01475125660063111
0.01128556303031982
0.01233698817639436
0.01627999765983383
0.01499953105625852
0.01687990230213654
0.0260844970858487
0.02162053178959718
0.02108203263707143
0.01491018953486417
0.01482249894792403
0.0178344439997551
0.01357257706001277
0.01853959640443629
0.020749063729247
0.01252732937206029
