0.04073760946133873
0.05047787926360174
0.06151289180730211
0.04105997193104988
0.04025413934503106
0.04552443845797008
0.04065512560297262
0.04565568213368611
0.03911680590138628
0.04016760486207399
0.03554225638840556
0.03149421953468237
0.02320252595968738
0.1024972569590157
0.02731932889343838
0.02679966735004424
0.03493048904414301
0.04505036092903222
0.04507415591192739
0.02236592518238967
0.02405014365798545
0.03610066212658586
0.03594921775483443
0.02918022342932323
0.04114134307578102
0.02853998758528164
0.04290518578621692
0.1308131260265499
0.054730493222609
0.03612372191625165
0.01990609672709899
0.02870256270370347
0.03620308288149533
0.04362272874634321
0.07397439200675907
0.03508209298251672
0.06532005651917477
0.07890398769190229
0.03270243302507603
0.03458250657497401
0.06001263545192578
0.03355021303426899
0.04662545627182674
1.176227175522218
0.02534981156424958
0.02958604652392428
0.03432369995200992
0.0300760110945085
0.03773588052009223
0.03666035910237206
0.03769439964417668
0.05107917334475831
0.03251148642064599
0.1105871323249732
0.03683416156938707
0.03364018033493765
0.03113105153200442
0.03263942498483132
0.08653691616441089
0.0304978745574217
0.03339422236753317
0.06987261712311743
0.03222105246314309
0.02447658651948446
0.03665126365896942
0.0229545297939262
0.03012514210612886
0.025338326579038
0.03621488710308921
0.05169946457090687
0.03815470998940183
0.03815662514563103
0.02802379379774804
0.04645611117554256
0.08626973566469689
0.04854822486492487
0.1043463995193004
0.04454254233982506
0.03358447062840891
0.02722285024381236
0.02596503580779307
0.04666184402184034
0.0301552154804414
0.02941216557546527
0.06529911426077294
0.05070464445925434
0.02756947692974673
0.05693854078904511
0.02537381876965691
0.04518337891302131
0.02774561290201086
0.04856716959623356
0.03604786057829572
0.03780814664392922
0.05364179458664094
0.03071687000328752
0.03820487944646213
0.041755242432441
0.03039095944673987
0.03174017291266963
0.04247571879448855
0.03533911548814481
0.04515576638185109
